# Longueur d'onde   Signal
653.774    5092
653.783    5585
653.793    7602
653.802    10987
653.811    11464
653.820    8072
653.829    5643
653.839    4329
653.848    3391
653.857    3416
653.866    3487
653.875    3003
653.885    3011
653.894    3249
653.903    3101
653.912    3228
653.921    2923
653.931    2963
653.940    3166
653.949    3005
653.958    2894
653.967    2848
653.977    2871
653.986    2929
653.995    2630
654.004    3031
654.013    2816
654.023    2710
654.032    2847
654.041    2498
654.050    2538
654.059    2729
654.069    3113
654.078    2892
654.087    2702
654.096    2819
654.105    3149
654.115    3557
654.124    4245
654.133    4141
654.142    4133
654.151    3597
654.161    3643
654.170    3238
654.179    2929
654.188    2522
654.197    2764
654.207    2527
654.216    2423
654.225    2396
654.234    2540
654.243    2332
654.253    2345
654.262    2376
654.271    2352
654.280    2334
654.289    2460
654.299    2509
654.308    2583
654.317    2526
654.326    2863
654.335    2955
654.345    2780
654.354    2666
654.363    2580
654.372    2837
654.381    2577
654.391    2175
654.400    2376
654.409    2546
654.418    2644
654.427    2547
654.437    2733
654.446    2931
654.455    2786
654.464    2665
654.473    2993
654.483    2915
654.492    3168
654.501    3176
654.510    3242
654.519    3386
654.529    3280
654.538    3325
654.547    3217
654.556    3408
654.565    3407
654.575    3376
654.584    3178
654.593    2687
654.602    2820
654.611    3141
654.621    3235
654.630    2941
654.639    2682
654.648    2519
654.657    2774
654.667    2712
654.676    2761
654.685    2885
654.694    3231
654.703    2886
654.712    3108
654.722    3166
654.731    2831
654.740    2950
654.749    2900
654.758    3175
654.768    3165
654.777    3503
654.786    4263
654.795    3843
654.804    3256
654.814    3496
654.823    3257
654.832    3106
654.841    2928
654.850    2767
654.860    3694
654.869    4033
654.878    3617
654.887    3385
654.896    3454
654.906    3062
654.915    3026
654.924    3104
654.933    3149
654.942    3273
654.952    2891
654.961    3330
654.970    3125
654.979    3301
654.988    3548
654.998    3593
655.007    3141
655.016    3038
655.025    2974
655.034    2948
655.044    2919
655.053    2767
655.062    2591
655.071    2630
655.080    2368
655.090    2789
655.099    3074
655.108    2622
655.117    2718
655.126    3042
655.136    2876
655.145    2733
655.154    2866
655.163    2867
655.172    2689
655.182    2842
655.191    2857
655.200    3076
655.209    3342
655.218    2932
655.228    3308
655.237    3367
655.246    3181
655.255    3705
655.264    4293
655.274    5191
655.283    5430
655.292    4710
655.301    4238
655.310    3776
655.320    3954
655.329    3901
655.338    3682
655.347    3686
655.356    4103
655.366    5429
655.375    5029
655.384    4839
655.393    4969
655.402    4716
655.412    5416
655.421    5290
655.430    5355
655.439    5643
655.448    5582
655.458    4828
655.467    5003
655.476    5073
655.485    4852
655.494    4970
655.504    4266
655.513    3869
655.522    3732
655.531    3817
655.540    3576
655.550    3620
655.559    3602
655.568    3505
655.577    3474
655.586    3350
655.596    3559
655.605    3473
655.614    3139
655.623    2948
655.632    3007
655.642    3065
655.651    3206
655.660    3523
655.669    3166
655.678    3158
655.688    3176
655.697    3215
655.706    3345
655.715    2983
655.724    3522
655.734    3734
655.743    3492
655.752    3511
655.761    3349
655.770    3284
655.780    3551
655.789    3850
655.798    3943
655.807    3673
655.816    3592
655.826    3919
655.835    4548
655.844    3825
655.853    3808
655.862    4234
655.872    3566
655.881    3517
655.890    4127
655.899    3813
655.908    4393
655.918    4075
655.927    4466
655.936    4088
655.945    3984
655.954    4159
655.964    4361
655.973    4202
655.982    5307
655.991    5191
656.000    4803
656.010    4963
656.019    4813
656.028    4493
656.037    4626
656.046    4722
656.056    4752
656.065    4365
656.074    4599
656.083    4609
656.092    4182
656.102    4371
656.111    4117
656.120    4101
656.129    4166
656.138    4621
656.148    4842
656.157    4765
656.166    4530
656.175    4775
656.184    4799
656.194    4697
656.203    5094
656.212    4428
656.221    4900
656.230    5126
656.240    5614
656.249    5985
656.258    6002
656.267    6311
656.276    6500
656.286    7568
656.295    8639
656.304    9158
656.313    11363
656.322    12293
656.332    10383
656.341    8844
656.350    7622
656.359    7046
656.368    7122
656.378    6748
656.387    5991
656.396    6017
656.405    5581
656.414    5425
656.424    5021
656.433    5368
656.442    5519
656.451    5104
656.460    5018
656.470    5364
656.479    5197
656.488    4812
656.497    4632
656.506    5200
656.516    5035
656.525    4353
656.534    3926
656.543    4153
656.552    4608
656.561    4909
656.571    4899
656.580    4423
656.589    4325
656.598    4786
656.607    4510
656.617    4921
656.626    4068
656.635    4235
656.644    4001
656.653    3934
656.663    4027
656.672    4463
656.681    4409
656.690    4757
656.699    4525
656.709    4739
656.718    5238
656.727    5779
656.736    5612
656.745    5315
656.755    5901
656.764    6870
656.773    9025
656.782    8607
656.791    7598
656.801    6031
656.810    5601
656.819    5074
656.828    4615
656.837    4486
656.847    4258
656.856    4325
656.865    3920
656.874    3793
656.883    4074
656.893    4403
656.902    4643
656.911    4190
656.920    4883
656.929    4570
656.939    4243
656.948    4421
656.957    4742
656.966    4097
656.975    3962
656.985    4287
656.994    4075
657.003    4303
657.012    3864
657.021    3925
657.031    4027
657.040    3898
657.049    3821
657.058    3688
657.067    3414
657.077    3451
657.086    3691
657.095    3658
657.104    3728
657.113    3548
657.123    3446
657.132    3399
657.141    3773
657.150    4038
657.159    4098
657.169    4194
657.178    4572
657.187    5217
657.196    5227
657.205    4835
657.215    4133
657.224    3810
657.233    3792
657.242    4100
657.251    3900
657.261    4097
657.270    3718
657.279    4038
657.288    4302
657.297    4349
657.307    4192
657.316    4373
657.325    4630
657.334    4719
657.343    4817
657.353    5297
657.362    5584
657.371    6818
657.380    7752
657.389    10927
657.399    14298
657.408    11466
657.417    7949
657.426    5760
657.435    5441
657.445    4827
657.454    4173
657.463    3641
657.472    3627
657.481    3790
657.491    3521
657.500    3588
657.509    3413
657.518    3607
657.527    3316
657.537    3098
657.546    3055
657.555    3544
657.564    3427
657.573    3125
657.583    3350
657.592    3119
657.601    2791
657.610    3392
657.619    3032
657.629    3078
657.638    3290
657.647    3312
657.656    3392
657.665    3423
657.675    3666
657.684    3760
657.693    3721
657.702    3890
657.711    3840
657.721    3738
657.730    4125
657.739    4321
657.748    4455
657.757    4850
657.767    4814
657.776    3907
657.785    3645
657.794    3473
657.803    3516
657.813    3748
657.822    3796
657.831    3819
657.840    3688
657.849    3438
657.859    3612
657.868    3223
657.877    2959
657.886    3206
657.895    2912
657.905    2723
657.914    2789
657.923    2391
657.932    2300
657.941    2413
657.951    2667
657.960    2726
657.969    2989
657.978    3177
657.987    2829
657.997    2589
658.006    2338
658.015    2265
658.024    2586
658.033    2690
658.043    2476
658.052    2461
658.061    2706
658.070    2718
658.079    2728
658.089    2683
658.098    2963
658.107    3245
658.116    3250
658.125    3159
658.135    3069
658.144    3345
658.153    2959
658.162    3137
658.171    3475
658.181    2919
658.190    2767
658.199    2875
658.208    2939
658.217    3323
658.227    3343
658.236    3323
658.245    3281
658.254    3458
658.263    3425
658.273    3912
658.282    5023
658.291    6622
658.300    6361
658.309    4915
658.319    4275
658.328    3620
658.337    3996
658.346    4317
658.355    3738
658.365    3870
658.374    4829
658.383    4738
658.392    5232
658.401    4582
658.410    4121
658.420    3662
658.429    3546
658.438    3424
658.447    3282
658.456    3258
658.466    3108
658.475    3635
